8643,p1,99,null
2716,lmn,97,null
4683,kkklklkilki,98,null
8307,ip,98,0.0
1414,test1,99,0.0
8039,test2,97,0.0
6070,test3,89,0.0
1958,test4,78,0.0
6355,test5,68,0.0
7672,test6,68,0.0
7442,test7,90,0.0
377,test8,87,0.0
7813,test9,53,0.0
1734,test10,23,0.0
2265,test10,53,0.0
4953,test11,61,0.0
2484,test11,57,0.0
768,test12,98,0.0
6890,test13,78,0.0
294,test14,60,0.0
9548,test18,97,0.0
8089,test19,97,0.0
1886,test20,67,0.0
30,test21,54,0.0
2126,test22,12,0.0
2729,test26,78,0.0
9518,test81,65,0.0
7441,test23,65,0.0
5119,test24,89,0.0
3505,test25,79,0.0
9595,test27,89,0.0
345,test28,78,0.0
9531,test29,14,0.0
8863,test30,16,0.0
8996,kanisk,25,0.0
4468,prakhar,24,0.0
6731,Jagrithi,78,0.0
1526,test31,86,0.0
9538,Kanisk,25,0.0
1010,test32,87,0.0
2122,test33,24,0.0
5848,test33,26,0.0
5060,test33,86,0.0
6619,Prakhar,24,0.0
9855,test44,78,0.0
6735,Swaroop,66,0.0
4130,swaroop,90,0.0
134,Swaroop,90,0.0
